# oST version 5.0 parameters


[image]

width
640

height
480

[c270]

camera matrix
726.317174 0.000000 321.760825
0.000000 729.028408 247.175825
0.000000 0.000000 1.000000

distortion
0.144383 -0.161495 0.001089 -0.000402 0.000000

rectification
1.000000 0.000000 0.000000
0.000000 1.000000 0.000000
0.000000 0.000000 1.000000

projection
746.915466 0.000000 321.534811 0.000000
0.000000 749.766640 247.482947 0.000000
0.000000 0.000000 1.000000 0.000000
